0.000000 100.000000
0.025000 101.165049
0.075000 102.330097
0.125000 103.495146
0.175000 104.660194
0.225000 105.825243
0.275000 106.990291
0.325000 108.155340
0.375000 109.320388
0.425000 110.485437
0.475000 111.650485
0.525000 112.815534
0.575000 113.980582
0.625000 115.145631
0.675000 116.310679
0.725000 117.475728
0.775000 118.640776
0.825000 119.805825
0.875000 120.970873
0.925000 122.135922
0.975000 123.300970
1.025000 124.466019
1.075000 125.631067
1.125000 126.796116
1.175000 127.961164
1.225000 129.126213
1.275000 130.291261
1.325000 131.456310
1.375000 132.621358
1.425000 133.786407
1.475000 134.951455
1.525000 136.116504
1.575000 137.281553
1.625000 138.446601
1.675000 139.611650
1.725000 140.776698
1.775000 141.941747
1.825000 143.106795
1.875000 144.271844
1.925000 145.436892
1.975000 146.601941
2.025000 147.766989
2.075000 148.932038
2.125000 150.097086
2.175000 151.262135
2.225000 152.427183
2.275000 153.592232
2.325000 154.757281
2.375000 155.922329
2.425000 157.087378
2.475000 158.252426
2.525000 159.417475
2.575000 160.582523
2.625000 161.747572
2.675000 162.912620
2.725000 164.077669
2.775000 165.048543
2.825000 165.825242
2.875000 166.601941
2.925000 167.378640
2.975000 168.155339
3.025000 168.932038
3.075000 169.708737
3.125000 170.485436
3.175000 171.262135
3.225000 172.038834
3.275000 172.815533
3.325000 173.592232
3.375000 174.368931
3.425000 175.145630
3.475000 175.922329
3.525000 176.699028
3.575000 177.475727
3.625000 178.252426
3.675000 179.029125
3.725000 179.805825
3.775000 180.582524
3.825000 181.359223
3.875000 182.135922
3.925000 182.912621
3.975000 183.689320
4.025000 184.466019
4.075000 185.242718
4.125000 186.019417
4.175000 186.796116
4.225000 187.572815
4.275000 188.349514
4.325000 189.126213
4.375000 189.902912
4.425000 190.679611
4.475000 191.456310
4.525000 192.233009
4.575000 193.009708
4.625000 193.786408
4.675000 194.563107
4.725000 195.339806
4.775000 196.116505
4.825000 196.893204
4.875000 197.669903
4.925000 198.446602
4.975000 199.223301
5.000000 200.000000
